NN/RR = 0.969697
AVNN = 0.810764
SDNN = 0.0501081
SDANN = -
SDNNIDX = 0.0501081
rMSSD = 0.0785309
pNN50 = 0.129032
